m1=100;
k1=50;
b=50;
m2=0.9;
k12=2;