m1=100;
k1=50;
b=50;
m2=1;
k12=0.7;